dataset_name: 'openeqa'
camera_params:
  image_height: 968
  image_width: 1296
  fx: 1165.723022
  fy: 1165.723022
  cx: 649.094971
  cy: 484.765015
  png_depth_scale: 1000.0 # The depth is in npy format, and this value should not be used